0
0
850380082624570.9

0
1
866095375759074.5

0
2
869026655835701.5

0
3
884925143815757.8

0
4
901756354027977.5

0
5
906526672124253.9

0
6
928129075235143.5

0
7
933003892626670.2

5
0
856927327705246.0

5
1
868922610425535.5

5
2
871848530203233.0

5
3
890628165152021.2

5
4
909035883268444.8

5
5
913421393863090.5

5
6
936997494285576.1

5
7
944876671544368.0

6.5
0
857597632282230.0

6.5
1
871868843753503.4

6.5
2
874670310296757.9

6.5
3
893479980913771.5

6.5
4
905644492284665.5

6.5
5
910635588237786.8

6.5
6
936158318662644.8

6.5
7
948686119325447.4

7.5
0
861545478590320.8

7.5
1
873059872310931.2

7.5
2
875521407547746.0

7.5
3
893014615564562.9

7.5
4
909674668760726.4

7.5
5
914915600356661.1

7.5
6
936979593158496.6

7.5
7
951294389878258.0

15.5
0
868911201476962.9

15.5
1
882612459179161.2

15.5
2
885722013516203.8

15.5
3
906636626061088.9

15.5
4
922938085951424.2

15.5
5
929848328150453.8

15.5
6
951789568382483.8

15.5
7
974382986014386.1

17
0
873471444559873.0

17
1
887128747001697.2

17
2
890654135384355.9

17
3
907062382437697.8

17
4
922775951242068.0

17
5
928058793492792.2

17
6
956579015794797.0

17
7
979207598535301.1

17.5
0
874998474849696.4

17.5
1
888753373105152.5

17.5
2
892296550861654.2

17.5
3
908816126359588.8

17.5
4
924654594288729.5

17.5
5
929968527448125.8

17.5
6
958677590512511.9

17.5
7
980854789476785.4

24
0
882950868649080.6

24
1
896936859588838.8

24
2
900672358716519.5

24
3
919489718687957.1

24
4
933545110247635.6

24
5
938719046744483.4

24
6
968552209126046.6

24
7
1004240566132857.5

26
0
886356669656989.5

26
1
900495007094287.6

26
2
903724719002627.2

26
3
920961137758367.0

26
4
940513564758184.0

26
5
946372964470893.0

26
6
972218874701959.2

26
7
1012262714050219.8

27.5
0
890592781071377.8

27.5
1
902953915483211.0

27.5
2
905699017132186.2

27.5
3
926449046404088.0

27.5
4
945335025840776.0

27.5
5
951375964566052.0

27.5
6
971306563420361.1

27.5
7
1018569782068009.0

