0
0
888383281767398.5

0
1
905021880542730.5

0
2
907958714862578.5

0
3
925471072979238.1

0
4
942892765082724.0

0
5
947784219884284.9

0
6
974822341993120.2

0
7
979188544322908.4

5
0
895311449894884.8

5
1
909405554425408.0

5
2
912696589185334.4

5
3
931888602883995.0

5
4
951162389557436.5

5
5
955300290809715.4

5
6
981679435615636.8

5
7
992579864412151.0

6.5
0
895577261883733.9

6.5
1
911812548246506.2

6.5
2
914786661730879.2

6.5
3
933186336398398.8

6.5
4
950104427431855.5

6.5
5
955109932335347.4

6.5
6
979578123258262.4

6.5
7
996876544654689.0

7.5
0
897982071423868.9

7.5
1
912902211376188.5

7.5
2
915679090793873.4

7.5
3
933175137286961.8

7.5
4
952157738966316.6

7.5
5
957171714783807.8

7.5
6
983619960975513.2

7.5
7
999818415811742.5

15.5
0
908876806315770.6

15.5
1
924629123597567.2

15.5
2
927801166540911.2

15.5
3
948006573205024.5

15.5
4
967421215862690.0

15.5
5
974636336940176.1

15.5
6
999724017735673.6

15.5
7
1025860068184235.5

17
0
913099905065540.5

17
1
927622066526974.0

17
2
931069759588227.8

17
3
947266474591240.5

17
4
967363765041570.2

17
5
972797291519505.9

17
6
1002171882535554.5

17
7
1031301753826831.6

17.5
0
914825608198119.2

17.5
1
929453262141319.9

17.5
2
932917912932574.4

17.5
3
949234127236219.2

17.5
4
969490852165820.8

17.5
5
974955587368483.2

17.5
6
1004528862029112.2

17.5
7
1033159622258343.2

24
0
922844870188925.6

24
1
937854813758815.6

24
2
941197080565394.2

24
3
963523106857657.0

24
4
982760589606776.2

24
5
988394337556639.2

24
6
1018069395033960.8

24
7
1059536464858368.5

26
0
926645019738193.6

26
1
943792166095654.9

26
2
947404016694375.1

26
3
967028722719875.5

26
4
987527192494354.1

26
5
993303168815007.5

26
6
1020457140960393.6

26
7
1068584654107857.4

27.5
0
931532975044866.6

27.5
1
946682262817462.5

27.5
2
950222786269974.9

27.5
3
972239945302720.9

27.5
4
990754425489038.5

27.5
5
996859754113119.5

27.5
6
1023465075138556.0

27.5
7
1075698402897110.4

